(kicad_pcb (version 20171130) (host pcbnew 5.0.0+dfsg1-2)

  (general
    (thickness 1.6)
    (drawings 9)
    (tracks 314)
    (zones 0)
    (modules 33)
    (nets 70)
  )

  (page A4)
  (layers
    (0 F.Cu signal)
    (31 B.Cu signal)
    (32 B.Adhes user)
    (33 F.Adhes user)
    (34 B.Paste user)
    (35 F.Paste user)
    (36 B.SilkS user)
    (37 F.SilkS user)
    (38 B.Mask user)
    (39 F.Mask user)
    (40 Dwgs.User user)
    (41 Cmts.User user)
    (42 Eco1.User user)
    (43 Eco2.User user)
    (44 Edge.Cuts user)
    (45 Margin user)
    (46 B.CrtYd user)
    (47 F.CrtYd user)
    (48 B.Fab user)
    (49 F.Fab user)
  )

  (setup
    (last_trace_width 0.25)
    (trace_clearance 0.2)
    (zone_clearance 0.508)
    (zone_45_only no)
    (trace_min 0.2)
    (segment_width 0.2)
    (edge_width 0.15)
    (via_size 0.8)
    (via_drill 0.4)
    (via_min_size 0.4)
    (via_min_drill 0.3)
    (uvia_size 0.3)
    (uvia_drill 0.1)
    (uvias_allowed no)
    (uvia_min_size 0.2)
    (uvia_min_drill 0.1)
    (pcb_text_width 0.3)
    (pcb_text_size 1.5 1.5)
    (mod_edge_width 0.15)
    (mod_text_size 1 1)
    (mod_text_width 0.15)
    (pad_size 1.524 1.524)
    (pad_drill 0.762)
    (pad_to_mask_clearance 0.2)
    (aux_axis_origin 0 0)
    (visible_elements FFFFFF7F)
    (pcbplotparams
      (layerselection 0x010fc_ffffffff)
      (usegerberextensions false)
      (usegerberattributes false)
      (usegerberadvancedattributes false)
      (creategerberjobfile false)
      (excludeedgelayer true)
      (linewidth 0.100000)
      (plotframeref false)
      (viasonmask false)
      (mode 1)
      (useauxorigin false)
      (hpglpennumber 1)
      (hpglpenspeed 20)
      (hpglpendiameter 15.000000)
      (psnegative false)
      (psa4output false)
      (plotreference true)
      (plotvalue true)
      (plotinvisibletext false)
      (padsonsilk false)
      (subtractmaskfromsilk false)
      (outputformat 1)
      (mirror false)
      (drillshape 0)
      (scaleselection 1)
      (outputdirectory "49es/"))
  )

  (net 0 "")
  (net 1 "Net-(Q1-Pad1)")
  (net 2 +3V3)
  (net 3 "Net-(Q1-Pad2)")
  (net 4 "Net-(Q2-Pad2)")
  (net 5 "Net-(Q2-Pad1)")
  (net 6 "Net-(Q3-Pad1)")
  (net 7 "Net-(Q3-Pad2)")
  (net 8 "Net-(Q4-Pad2)")
  (net 9 "Net-(Q4-Pad1)")
  (net 10 "Net-(Q5-Pad1)")
  (net 11 "Net-(Q5-Pad2)")
  (net 12 "Net-(Q6-Pad2)")
  (net 13 "Net-(Q6-Pad1)")
  (net 14 "Net-(Q7-Pad2)")
  (net 15 "Net-(Q7-Pad1)")
  (net 16 GND)
  (net 17 "Net-(J1-Pad1)")
  (net 18 "Net-(J1-Pad2)")
  (net 19 "Net-(J1-Pad3)")
  (net 20 "Net-(J1-Pad4)")
  (net 21 "Net-(J1-Pad5)")
  (net 22 "Net-(J1-Pad6)")
  (net 23 "Net-(J1-Pad7)")
  (net 24 "Net-(J1-Pad8)")
  (net 25 "Net-(J1-Pad9)")
  (net 26 "Net-(J1-Pad10)")
  (net 27 "Net-(J1-Pad11)")
  (net 28 "Net-(J1-Pad12)")
  (net 29 "Net-(J1-Pad13)")
  (net 30 "Net-(J1-Pad14)")
  (net 31 "Net-(J1-Pad15)")
  (net 32 "Net-(J1-Pad16)")
  (net 33 "Net-(J1-Pad17)")
  (net 34 "Net-(J1-Pad18)")
  (net 35 "Net-(J1-Pad19)")
  (net 36 "Net-(J1-Pad20)")
  (net 37 "Net-(J1-Pad21)")
  (net 38 "Net-(J1-Pad22)")
  (net 39 "Net-(J1-Pad23)")
  (net 40 "Net-(J1-Pad24)")
  (net 41 "Net-(J1-Pad25)")
  (net 42 "Net-(J1-Pad26)")
  (net 43 "Net-(3-to-8-Pad15)")
  (net 44 "Net-(3-to-8-Pad7)")
  (net 45 "Net-(3-to-8-Pad14)")
  (net 46 "Net-(3-to-8-Pad13)")
  (net 47 "Net-(3-to-8-Pad12)")
  (net 48 "Net-(3-to-8-Pad11)")
  (net 49 "Net-(3-to-8-Pad3)")
  (net 50 "Net-(3-to-8-Pad10)")
  (net 51 "Net-(3-to-8-Pad2)")
  (net 52 "Net-(3-to-8-Pad9)")
  (net 53 "Net-(3-to-8-Pad1)")
  (net 54 "Net-(MSP1-Pad2)")
  (net 55 "Net-(MSP1-Pad3)")
  (net 56 "Net-(MSP1-Pad4)")
  (net 57 "Net-(MSP1-Pad14)")
  (net 58 "Net-(MSP1-Pad5)")
  (net 59 "Net-(MSP1-Pad15)")
  (net 60 "Net-(MSP1-Pad6)")
  (net 61 "Net-(MSP1-Pad16)")
  (net 62 "Net-(MSP1-Pad7)")
  (net 63 "Net-(MSP1-Pad17)")
  (net 64 "Net-(MSP1-Pad8)")
  (net 65 "Net-(MSP1-Pad18)")
  (net 66 "Net-(MSP1-Pad9)")
  (net 67 "Net-(MSP1-Pad19)")
  (net 68 "Net-(MSP1-Pad10)")
  (net 69 "Net-(MUX1-Pad6)")

  (net_class Default "This is the default net class."
    (clearance 0.2)
    (trace_width 0.25)
    (via_dia 0.8)
    (via_drill 0.4)
    (uvia_dia 0.3)
    (uvia_drill 0.1)
    (add_net +3V3)
    (add_net GND)
    (add_net "Net-(3-to-8-Pad1)")
    (add_net "Net-(3-to-8-Pad10)")
    (add_net "Net-(3-to-8-Pad11)")
    (add_net "Net-(3-to-8-Pad12)")
    (add_net "Net-(3-to-8-Pad13)")
    (add_net "Net-(3-to-8-Pad14)")
    (add_net "Net-(3-to-8-Pad15)")
    (add_net "Net-(3-to-8-Pad2)")
    (add_net "Net-(3-to-8-Pad3)")
    (add_net "Net-(3-to-8-Pad7)")
    (add_net "Net-(3-to-8-Pad9)")
    (add_net "Net-(J1-Pad1)")
    (add_net "Net-(J1-Pad10)")
    (add_net "Net-(J1-Pad11)")
    (add_net "Net-(J1-Pad12)")
    (add_net "Net-(J1-Pad13)")
    (add_net "Net-(J1-Pad14)")
    (add_net "Net-(J1-Pad15)")
    (add_net "Net-(J1-Pad16)")
    (add_net "Net-(J1-Pad17)")
    (add_net "Net-(J1-Pad18)")
    (add_net "Net-(J1-Pad19)")
    (add_net "Net-(J1-Pad2)")
    (add_net "Net-(J1-Pad20)")
    (add_net "Net-(J1-Pad21)")
    (add_net "Net-(J1-Pad22)")
    (add_net "Net-(J1-Pad23)")
    (add_net "Net-(J1-Pad24)")
    (add_net "Net-(J1-Pad25)")
    (add_net "Net-(J1-Pad26)")
    (add_net "Net-(J1-Pad3)")
    (add_net "Net-(J1-Pad4)")
    (add_net "Net-(J1-Pad5)")
    (add_net "Net-(J1-Pad6)")
    (add_net "Net-(J1-Pad7)")
    (add_net "Net-(J1-Pad8)")
    (add_net "Net-(J1-Pad9)")
    (add_net "Net-(MSP1-Pad10)")
    (add_net "Net-(MSP1-Pad14)")
    (add_net "Net-(MSP1-Pad15)")
    (add_net "Net-(MSP1-Pad16)")
    (add_net "Net-(MSP1-Pad17)")
    (add_net "Net-(MSP1-Pad18)")
    (add_net "Net-(MSP1-Pad19)")
    (add_net "Net-(MSP1-Pad2)")
    (add_net "Net-(MSP1-Pad3)")
    (add_net "Net-(MSP1-Pad4)")
    (add_net "Net-(MSP1-Pad5)")
    (add_net "Net-(MSP1-Pad6)")
    (add_net "Net-(MSP1-Pad7)")
    (add_net "Net-(MSP1-Pad8)")
    (add_net "Net-(MSP1-Pad9)")
    (add_net "Net-(MUX1-Pad6)")
    (add_net "Net-(Q1-Pad1)")
    (add_net "Net-(Q1-Pad2)")
    (add_net "Net-(Q2-Pad1)")
    (add_net "Net-(Q2-Pad2)")
    (add_net "Net-(Q3-Pad1)")
    (add_net "Net-(Q3-Pad2)")
    (add_net "Net-(Q4-Pad1)")
    (add_net "Net-(Q4-Pad2)")
    (add_net "Net-(Q5-Pad1)")
    (add_net "Net-(Q5-Pad2)")
    (add_net "Net-(Q6-Pad1)")
    (add_net "Net-(Q6-Pad2)")
    (add_net "Net-(Q7-Pad1)")
    (add_net "Net-(Q7-Pad2)")
  )

  (module Package_DIP:DIP-16_W7.62mm_LongPads (layer F.Cu) (tedit 5A02E8C5) (tstamp 5C0DA186)
    (at 139.7 71.12)
    (descr "16-lead though-hole mounted DIP package, row spacing 7.62 mm (300 mils), LongPads")
    (tags "THT DIP DIL PDIP 2.54mm 7.62mm 300mil LongPads")
    (path /5BF48B9A)
    (fp_text reference 3-to-8 (at 3.81 -2.33) (layer F.SilkS)
      (effects (font (size 1 1) (thickness 0.15)))
    )
    (fp_text value 74LS138 (at 3.81 20.11) (layer F.Fab)
      (effects (font (size 1 1) (thickness 0.15)))
    )
    (fp_text user %R (at 3.81 8.89) (layer F.Fab)
      (effects (font (size 1 1) (thickness 0.15)))
    )
    (fp_line (start 9.1 -1.55) (end -1.45 -1.55) (layer F.CrtYd) (width 0.05))
    (fp_line (start 9.1 19.3) (end 9.1 -1.55) (layer F.CrtYd) (width 0.05))
    (fp_line (start -1.45 19.3) (end 9.1 19.3) (layer F.CrtYd) (width 0.05))
    (fp_line (start -1.45 -1.55) (end -1.45 19.3) (layer F.CrtYd) (width 0.05))
    (fp_line (start 6.06 -1.33) (end 4.81 -1.33) (layer F.SilkS) (width 0.12))
    (fp_line (start 6.06 19.11) (end 6.06 -1.33) (layer F.SilkS) (width 0.12))
    (fp_line (start 1.56 19.11) (end 6.06 19.11) (layer F.SilkS) (width 0.12))
    (fp_line (start 1.56 -1.33) (end 1.56 19.11) (layer F.SilkS) (width 0.12))
    (fp_line (start 2.81 -1.33) (end 1.56 -1.33) (layer F.SilkS) (width 0.12))
    (fp_line (start 0.635 -0.27) (end 1.635 -1.27) (layer F.Fab) (width 0.1))
    (fp_line (start 0.635 19.05) (end 0.635 -0.27) (layer F.Fab) (width 0.1))
    (fp_line (start 6.985 19.05) (end 0.635 19.05) (layer F.Fab) (width 0.1))
    (fp_line (start 6.985 -1.27) (end 6.985 19.05) (layer F.Fab) (width 0.1))
    (fp_line (start 1.635 -1.27) (end 6.985 -1.27) (layer F.Fab) (width 0.1))
    (fp_arc (start 3.81 -1.33) (end 2.81 -1.33) (angle -180) (layer F.SilkS) (width 0.12))
    (pad 16 thru_hole oval (at 7.62 0) (size 2.4 1.6) (drill 0.8) (layers *.Cu *.Mask)
      (net 2 +3V3))
    (pad 8 thru_hole oval (at 0 17.78) (size 2.4 1.6) (drill 0.8) (layers *.Cu *.Mask)
      (net 16 GND))
    (pad 15 thru_hole oval (at 7.62 2.54) (size 2.4 1.6) (drill 0.8) (layers *.Cu *.Mask)
      (net 43 "Net-(3-to-8-Pad15)"))
    (pad 7 thru_hole oval (at 0 15.24) (size 2.4 1.6) (drill 0.8) (layers *.Cu *.Mask)
      (net 44 "Net-(3-to-8-Pad7)"))
    (pad 14 thru_hole oval (at 7.62 5.08) (size 2.4 1.6) (drill 0.8) (layers *.Cu *.Mask)
      (net 45 "Net-(3-to-8-Pad14)"))
    (pad 6 thru_hole oval (at 0 12.7) (size 2.4 1.6) (drill 0.8) (layers *.Cu *.Mask)
      (net 2 +3V3))
    (pad 13 thru_hole oval (at 7.62 7.62) (size 2.4 1.6) (drill 0.8) (layers *.Cu *.Mask)
      (net 46 "Net-(3-to-8-Pad13)"))
    (pad 5 thru_hole oval (at 0 10.16) (size 2.4 1.6) (drill 0.8) (layers *.Cu *.Mask)
      (net 16 GND))
    (pad 12 thru_hole oval (at 7.62 10.16) (size 2.4 1.6) (drill 0.8) (layers *.Cu *.Mask)
      (net 47 "Net-(3-to-8-Pad12)"))
    (pad 4 thru_hole oval (at 0 7.62) (size 2.4 1.6) (drill 0.8) (layers *.Cu *.Mask)
      (net 16 GND))
    (pad 11 thru_hole oval (at 7.62 12.7) (size 2.4 1.6) (drill 0.8) (layers *.Cu *.Mask)
      (net 48 "Net-(3-to-8-Pad11)"))
    (pad 3 thru_hole oval (at 0 5.08) (size 2.4 1.6) (drill 0.8) (layers *.Cu *.Mask)
      (net 49 "Net-(3-to-8-Pad3)"))
    (pad 10 thru_hole oval (at 7.62 15.24) (size 2.4 1.6) (drill 0.8) (layers *.Cu *.Mask)
      (net 50 "Net-(3-to-8-Pad10)"))
    (pad 2 thru_hole oval (at 0 2.54) (size 2.4 1.6) (drill 0.8) (layers *.Cu *.Mask)
      (net 51 "Net-(3-to-8-Pad2)"))
    (pad 9 thru_hole oval (at 7.62 17.78) (size 2.4 1.6) (drill 0.8) (layers *.Cu *.Mask)
      (net 52 "Net-(3-to-8-Pad9)"))
    (pad 1 thru_hole rect (at 0 0) (size 2.4 1.6) (drill 0.8) (layers *.Cu *.Mask)
      (net 53 "Net-(3-to-8-Pad1)"))
    (model ${KISYS3DMOD}/Package_DIP.3dshapes/DIP-16_W7.62mm.wrl
      (at (xyz 0 0 0))
      (scale (xyz 1 1 1))
      (rotate (xyz 0 0 0))
    )
  )

  (module Connector_IDC:IDC-Header_2x13_P2.54mm_Vertical (layer F.Cu) (tedit 59DE1198) (tstamp 5C0DA1BE)
    (at 186.69 66.04)
    (descr "Through hole straight IDC box header, 2x13, 2.54mm pitch, double rows")
    (tags "Through hole IDC box header THT 2x13 2.54mm double row")
    (path /5BF4E9DF)
    (fp_text reference J1 (at 1.27 -6.604) (layer F.SilkS)
      (effects (font (size 1 1) (thickness 0.15)))
    )
    (fp_text value Conn_02x13_Row_Letter_Last (at 1.27 37.084) (layer F.Fab)
      (effects (font (size 1 1) (thickness 0.15)))
    )
    (fp_text user %R (at 1.27 15.24) (layer F.Fab)
      (effects (font (size 1 1) (thickness 0.15)))
    )
    (fp_line (start 5.695 -5.1) (end 5.695 35.58) (layer F.Fab) (width 0.1))
    (fp_line (start 5.145 -4.56) (end 5.145 35.02) (layer F.Fab) (width 0.1))
    (fp_line (start -3.155 -5.1) (end -3.155 35.58) (layer F.Fab) (width 0.1))
    (fp_line (start -2.605 -4.56) (end -2.605 12.99) (layer F.Fab) (width 0.1))
    (fp_line (start -2.605 17.49) (end -2.605 35.02) (layer F.Fab) (width 0.1))
    (fp_line (start -2.605 12.99) (end -3.155 12.99) (layer F.Fab) (width 0.1))
    (fp_line (start -2.605 17.49) (end -3.155 17.49) (layer F.Fab) (width 0.1))
    (fp_line (start 5.695 -5.1) (end -3.155 -5.1) (layer F.Fab) (width 0.1))
    (fp_line (start 5.145 -4.56) (end -2.605 -4.56) (layer F.Fab) (width 0.1))
    (fp_line (start 5.695 35.58) (end -3.155 35.58) (layer F.Fab) (width 0.1))
    (fp_line (start 5.145 35.02) (end -2.605 35.02) (layer F.Fab) (width 0.1))
    (fp_line (start 5.695 -5.1) (end 5.145 -4.56) (layer F.Fab) (width 0.1))
    (fp_line (start 5.695 35.58) (end 5.145 35.02) (layer F.Fab) (width 0.1))
    (fp_line (start -3.155 -5.1) (end -2.605 -4.56) (layer F.Fab) (width 0.1))
    (fp_line (start -3.155 35.58) (end -2.605 35.02) (layer F.Fab) (width 0.1))
    (fp_line (start 5.95 -5.35) (end 5.95 35.83) (layer F.CrtYd) (width 0.05))
    (fp_line (start 5.95 35.83) (end -3.41 35.83) (layer F.CrtYd) (width 0.05))
    (fp_line (start -3.41 35.83) (end -3.41 -5.35) (layer F.CrtYd) (width 0.05))
    (fp_line (start -3.41 -5.35) (end 5.95 -5.35) (layer F.CrtYd) (width 0.05))
    (fp_line (start 5.945 -5.35) (end 5.945 35.83) (layer F.SilkS) (width 0.12))
    (fp_line (start 5.945 35.83) (end -3.405 35.83) (layer F.SilkS) (width 0.12))
    (fp_line (start -3.405 35.83) (end -3.405 -5.35) (layer F.SilkS) (width 0.12))
    (fp_line (start -3.405 -5.35) (end 5.945 -5.35) (layer F.SilkS) (width 0.12))
    (fp_line (start -3.655 -5.6) (end -3.655 -3.06) (layer F.SilkS) (width 0.12))
    (fp_line (start -3.655 -5.6) (end -1.115 -5.6) (layer F.SilkS) (width 0.12))
    (pad 1 thru_hole rect (at 0 0) (size 1.7272 1.7272) (drill 1.016) (layers *.Cu *.Mask)
      (net 17 "Net-(J1-Pad1)"))
    (pad 2 thru_hole oval (at 2.54 0) (size 1.7272 1.7272) (drill 1.016) (layers *.Cu *.Mask)
      (net 18 "Net-(J1-Pad2)"))
    (pad 3 thru_hole oval (at 0 2.54) (size 1.7272 1.7272) (drill 1.016) (layers *.Cu *.Mask)
      (net 19 "Net-(J1-Pad3)"))
    (pad 4 thru_hole oval (at 2.54 2.54) (size 1.7272 1.7272) (drill 1.016) (layers *.Cu *.Mask)
      (net 20 "Net-(J1-Pad4)"))
    (pad 5 thru_hole oval (at 0 5.08) (size 1.7272 1.7272) (drill 1.016) (layers *.Cu *.Mask)
      (net 21 "Net-(J1-Pad5)"))
    (pad 6 thru_hole oval (at 2.54 5.08) (size 1.7272 1.7272) (drill 1.016) (layers *.Cu *.Mask)
      (net 22 "Net-(J1-Pad6)"))
    (pad 7 thru_hole oval (at 0 7.62) (size 1.7272 1.7272) (drill 1.016) (layers *.Cu *.Mask)
      (net 23 "Net-(J1-Pad7)"))
    (pad 8 thru_hole oval (at 2.54 7.62) (size 1.7272 1.7272) (drill 1.016) (layers *.Cu *.Mask)
      (net 24 "Net-(J1-Pad8)"))
    (pad 9 thru_hole oval (at 0 10.16) (size 1.7272 1.7272) (drill 1.016) (layers *.Cu *.Mask)
      (net 25 "Net-(J1-Pad9)"))
    (pad 10 thru_hole oval (at 2.54 10.16) (size 1.7272 1.7272) (drill 1.016) (layers *.Cu *.Mask)
      (net 26 "Net-(J1-Pad10)"))
    (pad 11 thru_hole oval (at 0 12.7) (size 1.7272 1.7272) (drill 1.016) (layers *.Cu *.Mask)
      (net 27 "Net-(J1-Pad11)"))
    (pad 12 thru_hole oval (at 2.54 12.7) (size 1.7272 1.7272) (drill 1.016) (layers *.Cu *.Mask)
      (net 28 "Net-(J1-Pad12)"))
    (pad 13 thru_hole oval (at 0 15.24) (size 1.7272 1.7272) (drill 1.016) (layers *.Cu *.Mask)
      (net 29 "Net-(J1-Pad13)"))
    (pad 14 thru_hole oval (at 2.54 15.24) (size 1.7272 1.7272) (drill 1.016) (layers *.Cu *.Mask)
      (net 30 "Net-(J1-Pad14)"))
    (pad 15 thru_hole oval (at 0 17.78) (size 1.7272 1.7272) (drill 1.016) (layers *.Cu *.Mask)
      (net 31 "Net-(J1-Pad15)"))
    (pad 16 thru_hole oval (at 2.54 17.78) (size 1.7272 1.7272) (drill 1.016) (layers *.Cu *.Mask)
      (net 32 "Net-(J1-Pad16)"))
    (pad 17 thru_hole oval (at 0 20.32) (size 1.7272 1.7272) (drill 1.016) (layers *.Cu *.Mask)
      (net 33 "Net-(J1-Pad17)"))
    (pad 18 thru_hole oval (at 2.54 20.32) (size 1.7272 1.7272) (drill 1.016) (layers *.Cu *.Mask)
      (net 34 "Net-(J1-Pad18)"))
    (pad 19 thru_hole oval (at 0 22.86) (size 1.7272 1.7272) (drill 1.016) (layers *.Cu *.Mask)
      (net 35 "Net-(J1-Pad19)"))
    (pad 20 thru_hole oval (at 2.54 22.86) (size 1.7272 1.7272) (drill 1.016) (layers *.Cu *.Mask)
      (net 36 "Net-(J1-Pad20)"))
    (pad 21 thru_hole oval (at 0 25.4) (size 1.7272 1.7272) (drill 1.016) (layers *.Cu *.Mask)
      (net 37 "Net-(J1-Pad21)"))
    (pad 22 thru_hole oval (at 2.54 25.4) (size 1.7272 1.7272) (drill 1.016) (layers *.Cu *.Mask)
      (net 38 "Net-(J1-Pad22)"))
    (pad 23 thru_hole oval (at 0 27.94) (size 1.7272 1.7272) (drill 1.016) (layers *.Cu *.Mask)
      (net 39 "Net-(J1-Pad23)"))
    (pad 24 thru_hole oval (at 2.54 27.94) (size 1.7272 1.7272) (drill 1.016) (layers *.Cu *.Mask)
      (net 40 "Net-(J1-Pad24)"))
    (pad 25 thru_hole oval (at 0 30.48) (size 1.7272 1.7272) (drill 1.016) (layers *.Cu *.Mask)
      (net 41 "Net-(J1-Pad25)"))
    (pad 26 thru_hole oval (at 2.54 30.48) (size 1.7272 1.7272) (drill 1.016) (layers *.Cu *.Mask)
      (net 42 "Net-(J1-Pad26)"))
    (model ${KISYS3DMOD}/Connector_IDC.3dshapes/IDC-Header_2x13_P2.54mm_Vertical.wrl
      (at (xyz 0 0 0))
      (scale (xyz 1 1 1))
      (rotate (xyz 0 0 0))
    )
  )

  (module Package_DIP:DIP-20_W7.62mm_Socket_LongPads (layer F.Cu) (tedit 5A02E8C5) (tstamp 5C0DA1EE)
    (at 139.7 40.64)
    (descr "20-lead though-hole mounted DIP package, row spacing 7.62 mm (300 mils), Socket, LongPads")
    (tags "THT DIP DIL PDIP 2.54mm 7.62mm 300mil Socket LongPads")
    (path /5BF3ADA9)
    (fp_text reference MSP1 (at 3.81 -2.33) (layer F.SilkS)
      (effects (font (size 1 1) (thickness 0.15)))
    )
    (fp_text value MSP430G2553IN20 (at 3.81 25.19) (layer F.Fab)
      (effects (font (size 1 1) (thickness 0.15)))
    )
    (fp_arc (start 3.81 -1.33) (end 2.81 -1.33) (angle -180) (layer F.SilkS) (width 0.12))
    (fp_line (start 1.635 -1.27) (end 6.985 -1.27) (layer F.Fab) (width 0.1))
    (fp_line (start 6.985 -1.27) (end 6.985 24.13) (layer F.Fab) (width 0.1))
    (fp_line (start 6.985 24.13) (end 0.635 24.13) (layer F.Fab) (width 0.1))
    (fp_line (start 0.635 24.13) (end 0.635 -0.27) (layer F.Fab) (width 0.1))
    (fp_line (start 0.635 -0.27) (end 1.635 -1.27) (layer F.Fab) (width 0.1))
    (fp_line (start -1.27 -1.33) (end -1.27 24.19) (layer F.Fab) (width 0.1))
    (fp_line (start -1.27 24.19) (end 8.89 24.19) (layer F.Fab) (width 0.1))
    (fp_line (start 8.89 24.19) (end 8.89 -1.33) (layer F.Fab) (width 0.1))
    (fp_line (start 8.89 -1.33) (end -1.27 -1.33) (layer F.Fab) (width 0.1))
    (fp_line (start 2.81 -1.33) (end 1.56 -1.33) (layer F.SilkS) (width 0.12))
    (fp_line (start 1.56 -1.33) (end 1.56 24.19) (layer F.SilkS) (width 0.12))
    (fp_line (start 1.56 24.19) (end 6.06 24.19) (layer F.SilkS) (width 0.12))
    (fp_line (start 6.06 24.19) (end 6.06 -1.33) (layer F.SilkS) (width 0.12))
    (fp_line (start 6.06 -1.33) (end 4.81 -1.33) (layer F.SilkS) (width 0.12))
    (fp_line (start -1.44 -1.39) (end -1.44 24.25) (layer F.SilkS) (width 0.12))
    (fp_line (start -1.44 24.25) (end 9.06 24.25) (layer F.SilkS) (width 0.12))
    (fp_line (start 9.06 24.25) (end 9.06 -1.39) (layer F.SilkS) (width 0.12))
    (fp_line (start 9.06 -1.39) (end -1.44 -1.39) (layer F.SilkS) (width 0.12))
    (fp_line (start -1.55 -1.6) (end -1.55 24.45) (layer F.CrtYd) (width 0.05))
    (fp_line (start -1.55 24.45) (end 9.15 24.45) (layer F.CrtYd) (width 0.05))
    (fp_line (start 9.15 24.45) (end 9.15 -1.6) (layer F.CrtYd) (width 0.05))
    (fp_line (start 9.15 -1.6) (end -1.55 -1.6) (layer F.CrtYd) (width 0.05))
    (fp_text user %R (at 3.81 11.43) (layer F.Fab)
      (effects (font (size 1 1) (thickness 0.15)))
    )
    (pad 1 thru_hole rect (at 0 0) (size 2.4 1.6) (drill 0.8) (layers *.Cu *.Mask)
      (net 2 +3V3))
    (pad 11 thru_hole oval (at 7.62 22.86) (size 2.4 1.6) (drill 0.8) (layers *.Cu *.Mask)
      (net 53 "Net-(3-to-8-Pad1)"))
    (pad 2 thru_hole oval (at 0 2.54) (size 2.4 1.6) (drill 0.8) (layers *.Cu *.Mask)
      (net 54 "Net-(MSP1-Pad2)"))
    (pad 12 thru_hole oval (at 7.62 20.32) (size 2.4 1.6) (drill 0.8) (layers *.Cu *.Mask)
      (net 51 "Net-(3-to-8-Pad2)"))
    (pad 3 thru_hole oval (at 0 5.08) (size 2.4 1.6) (drill 0.8) (layers *.Cu *.Mask)
      (net 55 "Net-(MSP1-Pad3)"))
    (pad 13 thru_hole oval (at 7.62 17.78) (size 2.4 1.6) (drill 0.8) (layers *.Cu *.Mask)
      (net 49 "Net-(3-to-8-Pad3)"))
    (pad 4 thru_hole oval (at 0 7.62) (size 2.4 1.6) (drill 0.8) (layers *.Cu *.Mask)
      (net 56 "Net-(MSP1-Pad4)"))
    (pad 14 thru_hole oval (at 7.62 15.24) (size 2.4 1.6) (drill 0.8) (layers *.Cu *.Mask)
      (net 57 "Net-(MSP1-Pad14)"))
    (pad 5 thru_hole oval (at 0 10.16) (size 2.4 1.6) (drill 0.8) (layers *.Cu *.Mask)
      (net 58 "Net-(MSP1-Pad5)"))
    (pad 15 thru_hole oval (at 7.62 12.7) (size 2.4 1.6) (drill 0.8) (layers *.Cu *.Mask)
      (net 59 "Net-(MSP1-Pad15)"))
    (pad 6 thru_hole oval (at 0 12.7) (size 2.4 1.6) (drill 0.8) (layers *.Cu *.Mask)
      (net 60 "Net-(MSP1-Pad6)"))
    (pad 16 thru_hole oval (at 7.62 10.16) (size 2.4 1.6) (drill 0.8) (layers *.Cu *.Mask)
      (net 61 "Net-(MSP1-Pad16)"))
    (pad 7 thru_hole oval (at 0 15.24) (size 2.4 1.6) (drill 0.8) (layers *.Cu *.Mask)
      (net 62 "Net-(MSP1-Pad7)"))
    (pad 17 thru_hole oval (at 7.62 7.62) (size 2.4 1.6) (drill 0.8) (layers *.Cu *.Mask)
      (net 63 "Net-(MSP1-Pad17)"))
    (pad 8 thru_hole oval (at 0 17.78) (size 2.4 1.6) (drill 0.8) (layers *.Cu *.Mask)
      (net 64 "Net-(MSP1-Pad8)"))
    (pad 18 thru_hole oval (at 7.62 5.08) (size 2.4 1.6) (drill 0.8) (layers *.Cu *.Mask)
      (net 65 "Net-(MSP1-Pad18)"))
    (pad 9 thru_hole oval (at 0 20.32) (size 2.4 1.6) (drill 0.8) (layers *.Cu *.Mask)
      (net 66 "Net-(MSP1-Pad9)"))
    (pad 19 thru_hole oval (at 7.62 2.54) (size 2.4 1.6) (drill 0.8) (layers *.Cu *.Mask)
      (net 67 "Net-(MSP1-Pad19)"))
    (pad 10 thru_hole oval (at 0 22.86) (size 2.4 1.6) (drill 0.8) (layers *.Cu *.Mask)
      (net 68 "Net-(MSP1-Pad10)"))
    (pad 20 thru_hole oval (at 7.62 0) (size 2.4 1.6) (drill 0.8) (layers *.Cu *.Mask)
      (net 16 GND))
    (model ${KISYS3DMOD}/Package_DIP.3dshapes/DIP-20_W7.62mm_Socket.wrl
      (at (xyz 0 0 0))
      (scale (xyz 1 1 1))
      (rotate (xyz 0 0 0))
    )
  )

  (module Package_DIP:DIP-16_W7.62mm_LongPads (layer F.Cu) (tedit 5A02E8C5) (tstamp 5C0DA212)
    (at 168.91 40.64)
    (descr "16-lead though-hole mounted DIP package, row spacing 7.62 mm (300 mils), LongPads")
    (tags "THT DIP DIL PDIP 2.54mm 7.62mm 300mil LongPads")
    (path /5BF49213)
    (fp_text reference MUX1 (at 3.81 -2.33) (layer F.SilkS)
      (effects (font (size 1 1) (thickness 0.15)))
    )
    (fp_text value 74LS251 (at 3.81 20.11) (layer F.Fab)
      (effects (font (size 1 1) (thickness 0.15)))
    )
    (fp_arc (start 3.81 -1.33) (end 2.81 -1.33) (angle -180) (layer F.SilkS) (width 0.12))
    (fp_line (start 1.635 -1.27) (end 6.985 -1.27) (layer F.Fab) (width 0.1))
    (fp_line (start 6.985 -1.27) (end 6.985 19.05) (layer F.Fab) (width 0.1))
    (fp_line (start 6.985 19.05) (end 0.635 19.05) (layer F.Fab) (width 0.1))
    (fp_line (start 0.635 19.05) (end 0.635 -0.27) (layer F.Fab) (width 0.1))
    (fp_line (start 0.635 -0.27) (end 1.635 -1.27) (layer F.Fab) (width 0.1))
    (fp_line (start 2.81 -1.33) (end 1.56 -1.33) (layer F.SilkS) (width 0.12))
    (fp_line (start 1.56 -1.33) (end 1.56 19.11) (layer F.SilkS) (width 0.12))
    (fp_line (start 1.56 19.11) (end 6.06 19.11) (layer F.SilkS) (width 0.12))
    (fp_line (start 6.06 19.11) (end 6.06 -1.33) (layer F.SilkS) (width 0.12))
    (fp_line (start 6.06 -1.33) (end 4.81 -1.33) (layer F.SilkS) (width 0.12))
    (fp_line (start -1.45 -1.55) (end -1.45 19.3) (layer F.CrtYd) (width 0.05))
    (fp_line (start -1.45 19.3) (end 9.1 19.3) (layer F.CrtYd) (width 0.05))
    (fp_line (start 9.1 19.3) (end 9.1 -1.55) (layer F.CrtYd) (width 0.05))
    (fp_line (start 9.1 -1.55) (end -1.45 -1.55) (layer F.CrtYd) (width 0.05))
    (fp_text user %R (at 3.81 8.89) (layer F.Fab)
      (effects (font (size 1 1) (thickness 0.15)))
    )
    (pad 1 thru_hole rect (at 0 0) (size 2.4 1.6) (drill 0.8) (layers *.Cu *.Mask)
      (net 24 "Net-(J1-Pad8)"))
    (pad 9 thru_hole oval (at 7.62 17.78) (size 2.4 1.6) (drill 0.8) (layers *.Cu *.Mask)
      (net 68 "Net-(MSP1-Pad10)"))
    (pad 2 thru_hole oval (at 0 2.54) (size 2.4 1.6) (drill 0.8) (layers *.Cu *.Mask)
      (net 22 "Net-(J1-Pad6)"))
    (pad 10 thru_hole oval (at 7.62 15.24) (size 2.4 1.6) (drill 0.8) (layers *.Cu *.Mask)
      (net 66 "Net-(MSP1-Pad9)"))
    (pad 3 thru_hole oval (at 0 5.08) (size 2.4 1.6) (drill 0.8) (layers *.Cu *.Mask)
      (net 20 "Net-(J1-Pad4)"))
    (pad 11 thru_hole oval (at 7.62 12.7) (size 2.4 1.6) (drill 0.8) (layers *.Cu *.Mask)
      (net 64 "Net-(MSP1-Pad8)"))
    (pad 4 thru_hole oval (at 0 7.62) (size 2.4 1.6) (drill 0.8) (layers *.Cu *.Mask)
      (net 18 "Net-(J1-Pad2)"))
    (pad 12 thru_hole oval (at 7.62 10.16) (size 2.4 1.6) (drill 0.8) (layers *.Cu *.Mask)
      (net 32 "Net-(J1-Pad16)"))
    (pad 5 thru_hole oval (at 0 10.16) (size 2.4 1.6) (drill 0.8) (layers *.Cu *.Mask)
      (net 67 "Net-(MSP1-Pad19)"))
    (pad 13 thru_hole oval (at 7.62 7.62) (size 2.4 1.6) (drill 0.8) (layers *.Cu *.Mask)
      (net 30 "Net-(J1-Pad14)"))
    (pad 6 thru_hole oval (at 0 12.7) (size 2.4 1.6) (drill 0.8) (layers *.Cu *.Mask)
      (net 69 "Net-(MUX1-Pad6)"))
    (pad 14 thru_hole oval (at 7.62 5.08) (size 2.4 1.6) (drill 0.8) (layers *.Cu *.Mask)
      (net 28 "Net-(J1-Pad12)"))
    (pad 7 thru_hole oval (at 0 15.24) (size 2.4 1.6) (drill 0.8) (layers *.Cu *.Mask)
      (net 16 GND))
    (pad 15 thru_hole oval (at 7.62 2.54) (size 2.4 1.6) (drill 0.8) (layers *.Cu *.Mask)
      (net 26 "Net-(J1-Pad10)"))
    (pad 8 thru_hole oval (at 0 17.78) (size 2.4 1.6) (drill 0.8) (layers *.Cu *.Mask)
      (net 16 GND))
    (pad 16 thru_hole oval (at 7.62 0) (size 2.4 1.6) (drill 0.8) (layers *.Cu *.Mask)
      (net 2 +3V3))
    (model ${KISYS3DMOD}/Package_DIP.3dshapes/DIP-16_W7.62mm.wrl
      (at (xyz 0 0 0))
      (scale (xyz 1 1 1))
      (rotate (xyz 0 0 0))
    )
  )

  (module Package_TO_SOT_THT:TO-92_HandSolder (layer F.Cu) (tedit 5A282C46) (tstamp 5C0DA224)
    (at 118.11 45.72)
    (descr "TO-92 leads molded, narrow, drill 0.75mm, handsoldering variant with enlarged pads (see NXP sot054_po.pdf)")
    (tags "to-92 sc-43 sc-43a sot54 PA33 transistor")
    (path /5BF64EE7)
    (fp_text reference Q1 (at 1.27 -4.4) (layer F.SilkS)
      (effects (font (size 1 1) (thickness 0.15)))
    )
    (fp_text value Q_PNP_BCE (at 1.27 2.79) (layer F.Fab)
      (effects (font (size 1 1) (thickness 0.15)))
    )
    (fp_arc (start 1.27 0) (end 2.05 -2.45) (angle 117.6433766) (layer F.SilkS) (width 0.12))
    (fp_arc (start 1.27 0) (end 1.27 -2.48) (angle -135) (layer F.Fab) (width 0.1))
    (fp_arc (start 1.27 0) (end 0.45 -2.45) (angle -116.9632683) (layer F.SilkS) (width 0.12))
    (fp_arc (start 1.27 0) (end 1.27 -2.48) (angle 135) (layer F.Fab) (width 0.1))
    (fp_line (start 4 2.01) (end -1.46 2.01) (layer F.CrtYd) (width 0.05))
    (fp_line (start 4 2.01) (end 4 -3.05) (layer F.CrtYd) (width 0.05))
    (fp_line (start -1.45 -3.05) (end -1.46 2.01) (layer F.CrtYd) (width 0.05))
    (fp_line (start -1.46 -3.05) (end 4 -3.05) (layer F.CrtYd) (width 0.05))
    (fp_line (start -0.5 1.75) (end 3 1.75) (layer F.Fab) (width 0.1))
    (fp_line (start -0.53 1.85) (end 3.07 1.85) (layer F.SilkS) (width 0.12))
    (fp_text user %R (at 1.27 -4.4) (layer F.Fab)
      (effects (font (size 1 1) (thickness 0.15)))
    )
    (pad 1 thru_hole rect (at 0 0) (size 1.1 1.8) (drill 0.75 (offset 0 0.4)) (layers *.Cu *.Mask)
      (net 1 "Net-(Q1-Pad1)"))
    (pad 3 thru_hole roundrect (at 2.54 0) (size 1.1 1.8) (drill 0.75 (offset 0 0.4)) (layers *.Cu *.Mask) (roundrect_rratio 0.25)
      (net 2 +3V3))
    (pad 2 thru_hole roundrect (at 1.27 -1.27) (size 1.1 1.8) (drill 0.75 (offset 0 -0.4)) (layers *.Cu *.Mask) (roundrect_rratio 0.25)
      (net 3 "Net-(Q1-Pad2)"))
    (model ${KISYS3DMOD}/Package_TO_SOT_THT.3dshapes/TO-92.wrl
      (at (xyz 0 0 0))
      (scale (xyz 1 1 1))
      (rotate (xyz 0 0 0))
    )
  )

  (module Package_TO_SOT_THT:TO-92_HandSolder (layer F.Cu) (tedit 5A282C46) (tstamp 5C0DA236)
    (at 118.11 57.15)
    (descr "TO-92 leads molded, narrow, drill 0.75mm, handsoldering variant with enlarged pads (see NXP sot054_po.pdf)")
    (tags "to-92 sc-43 sc-43a sot54 PA33 transistor")
    (path /5BF5CDEC)
    (fp_text reference Q2 (at 1.27 -4.4) (layer F.SilkS)
      (effects (font (size 1 1) (thickness 0.15)))
    )
    (fp_text value Q_PNP_BCE (at 1.27 2.79) (layer F.Fab)
      (effects (font (size 1 1) (thickness 0.15)))
    )
    (fp_text user %R (at 1.27 -4.4) (layer F.Fab)
      (effects (font (size 1 1) (thickness 0.15)))
    )
    (fp_line (start -0.53 1.85) (end 3.07 1.85) (layer F.SilkS) (width 0.12))
    (fp_line (start -0.5 1.75) (end 3 1.75) (layer F.Fab) (width 0.1))
    (fp_line (start -1.46 -3.05) (end 4 -3.05) (layer F.CrtYd) (width 0.05))
    (fp_line (start -1.45 -3.05) (end -1.46 2.01) (layer F.CrtYd) (width 0.05))
    (fp_line (start 4 2.01) (end 4 -3.05) (layer F.CrtYd) (width 0.05))
    (fp_line (start 4 2.01) (end -1.46 2.01) (layer F.CrtYd) (width 0.05))
    (fp_arc (start 1.27 0) (end 1.27 -2.48) (angle 135) (layer F.Fab) (width 0.1))
    (fp_arc (start 1.27 0) (end 0.45 -2.45) (angle -116.9632683) (layer F.SilkS) (width 0.12))
    (fp_arc (start 1.27 0) (end 1.27 -2.48) (angle -135) (layer F.Fab) (width 0.1))
    (fp_arc (start 1.27 0) (end 2.05 -2.45) (angle 117.6433766) (layer F.SilkS) (width 0.12))
    (pad 2 thru_hole roundrect (at 1.27 -1.27) (size 1.1 1.8) (drill 0.75 (offset 0 -0.4)) (layers *.Cu *.Mask) (roundrect_rratio 0.25)
      (net 4 "Net-(Q2-Pad2)"))
    (pad 3 thru_hole roundrect (at 2.54 0) (size 1.1 1.8) (drill 0.75 (offset 0 0.4)) (layers *.Cu *.Mask) (roundrect_rratio 0.25)
      (net 2 +3V3))
    (pad 1 thru_hole rect (at 0 0) (size 1.1 1.8) (drill 0.75 (offset 0 0.4)) (layers *.Cu *.Mask)
      (net 5 "Net-(Q2-Pad1)"))
    (model ${KISYS3DMOD}/Package_TO_SOT_THT.3dshapes/TO-92.wrl
      (at (xyz 0 0 0))
      (scale (xyz 1 1 1))
      (rotate (xyz 0 0 0))
    )
  )

  (module Package_TO_SOT_THT:TO-92_HandSolder (layer F.Cu) (tedit 5A282C46) (tstamp 5C0DA248)
    (at 118.11 68.58)
    (descr "TO-92 leads molded, narrow, drill 0.75mm, handsoldering variant with enlarged pads (see NXP sot054_po.pdf)")
    (tags "to-92 sc-43 sc-43a sot54 PA33 transistor")
    (path /5BF601B0)
    (fp_text reference Q3 (at 1.27 -4.4) (layer F.SilkS)
      (effects (font (size 1 1) (thickness 0.15)))
    )
    (fp_text value Q_PNP_BCE (at 1.27 2.79) (layer F.Fab)
      (effects (font (size 1 1) (thickness 0.15)))
    )
    (fp_arc (start 1.27 0) (end 2.05 -2.45) (angle 117.6433766) (layer F.SilkS) (width 0.12))
    (fp_arc (start 1.27 0) (end 1.27 -2.48) (angle -135) (layer F.Fab) (width 0.1))
    (fp_arc (start 1.27 0) (end 0.45 -2.45) (angle -116.9632683) (layer F.SilkS) (width 0.12))
    (fp_arc (start 1.27 0) (end 1.27 -2.48) (angle 135) (layer F.Fab) (width 0.1))
    (fp_line (start 4 2.01) (end -1.46 2.01) (layer F.CrtYd) (width 0.05))
    (fp_line (start 4 2.01) (end 4 -3.05) (layer F.CrtYd) (width 0.05))
    (fp_line (start -1.45 -3.05) (end -1.46 2.01) (layer F.CrtYd) (width 0.05))
    (fp_line (start -1.46 -3.05) (end 4 -3.05) (layer F.CrtYd) (width 0.05))
    (fp_line (start -0.5 1.75) (end 3 1.75) (layer F.Fab) (width 0.1))
    (fp_line (start -0.53 1.85) (end 3.07 1.85) (layer F.SilkS) (width 0.12))
    (fp_text user %R (at 1.27 -4.4) (layer F.Fab)
      (effects (font (size 1 1) (thickness 0.15)))
    )
    (pad 1 thru_hole rect (at 0 0) (size 1.1 1.8) (drill 0.75 (offset 0 0.4)) (layers *.Cu *.Mask)
      (net 6 "Net-(Q3-Pad1)"))
    (pad 3 thru_hole roundrect (at 2.54 0) (size 1.1 1.8) (drill 0.75 (offset 0 0.4)) (layers *.Cu *.Mask) (roundrect_rratio 0.25)
      (net 2 +3V3))
    (pad 2 thru_hole roundrect (at 1.27 -1.27) (size 1.1 1.8) (drill 0.75 (offset 0 -0.4)) (layers *.Cu *.Mask) (roundrect_rratio 0.25)
      (net 7 "Net-(Q3-Pad2)"))
    (model ${KISYS3DMOD}/Package_TO_SOT_THT.3dshapes/TO-92.wrl
      (at (xyz 0 0 0))
      (scale (xyz 1 1 1))
      (rotate (xyz 0 0 0))
    )
  )

  (module Package_TO_SOT_THT:TO-92_HandSolder (layer F.Cu) (tedit 5A282C46) (tstamp 5C0DA25A)
    (at 118.11 80.01)
    (descr "TO-92 leads molded, narrow, drill 0.75mm, handsoldering variant with enlarged pads (see NXP sot054_po.pdf)")
    (tags "to-92 sc-43 sc-43a sot54 PA33 transistor")
    (path /5BF60E07)
    (fp_text reference Q4 (at 1.27 -4.4) (layer F.SilkS)
      (effects (font (size 1 1) (thickness 0.15)))
    )
    (fp_text value Q_PNP_BCE (at 1.27 2.79) (layer F.Fab)
      (effects (font (size 1 1) (thickness 0.15)))
    )
    (fp_text user %R (at 1.27 -4.4) (layer F.Fab)
      (effects (font (size 1 1) (thickness 0.15)))
    )
    (fp_line (start -0.53 1.85) (end 3.07 1.85) (layer F.SilkS) (width 0.12))
    (fp_line (start -0.5 1.75) (end 3 1.75) (layer F.Fab) (width 0.1))
    (fp_line (start -1.46 -3.05) (end 4 -3.05) (layer F.CrtYd) (width 0.05))
    (fp_line (start -1.45 -3.05) (end -1.46 2.01) (layer F.CrtYd) (width 0.05))
    (fp_line (start 4 2.01) (end 4 -3.05) (layer F.CrtYd) (width 0.05))
    (fp_line (start 4 2.01) (end -1.46 2.01) (layer F.CrtYd) (width 0.05))
    (fp_arc (start 1.27 0) (end 1.27 -2.48) (angle 135) (layer F.Fab) (width 0.1))
    (fp_arc (start 1.27 0) (end 0.45 -2.45) (angle -116.9632683) (layer F.SilkS) (width 0.12))
    (fp_arc (start 1.27 0) (end 1.27 -2.48) (angle -135) (layer F.Fab) (width 0.1))
    (fp_arc (start 1.27 0) (end 2.05 -2.45) (angle 117.6433766) (layer F.SilkS) (width 0.12))
    (pad 2 thru_hole roundrect (at 1.27 -1.27) (size 1.1 1.8) (drill 0.75 (offset 0 -0.4)) (layers *.Cu *.Mask) (roundrect_rratio 0.25)
      (net 8 "Net-(Q4-Pad2)"))
    (pad 3 thru_hole roundrect (at 2.54 0) (size 1.1 1.8) (drill 0.75 (offset 0 0.4)) (layers *.Cu *.Mask) (roundrect_rratio 0.25)
      (net 2 +3V3))
    (pad 1 thru_hole rect (at 0 0) (size 1.1 1.8) (drill 0.75 (offset 0 0.4)) (layers *.Cu *.Mask)
      (net 9 "Net-(Q4-Pad1)"))
    (model ${KISYS3DMOD}/Package_TO_SOT_THT.3dshapes/TO-92.wrl
      (at (xyz 0 0 0))
      (scale (xyz 1 1 1))
      (rotate (xyz 0 0 0))
    )
  )

  (module Package_TO_SOT_THT:TO-92_HandSolder (layer F.Cu) (tedit 5A282C46) (tstamp 5C0DA26C)
    (at 118.11 92.71)
    (descr "TO-92 leads molded, narrow, drill 0.75mm, handsoldering variant with enlarged pads (see NXP sot054_po.pdf)")
    (tags "to-92 sc-43 sc-43a sot54 PA33 transistor")
    (path /5BF61A9B)
    (fp_text reference Q5 (at 1.27 -4.4) (layer F.SilkS)
      (effects (font (size 1 1) (thickness 0.15)))
    )
    (fp_text value Q_PNP_BCE (at 1.27 2.79) (layer F.Fab)
      (effects (font (size 1 1) (thickness 0.15)))
    )
    (fp_arc (start 1.27 0) (end 2.05 -2.45) (angle 117.6433766) (layer F.SilkS) (width 0.12))
    (fp_arc (start 1.27 0) (end 1.27 -2.48) (angle -135) (layer F.Fab) (width 0.1))
    (fp_arc (start 1.27 0) (end 0.45 -2.45) (angle -116.9632683) (layer F.SilkS) (width 0.12))
    (fp_arc (start 1.27 0) (end 1.27 -2.48) (angle 135) (layer F.Fab) (width 0.1))
    (fp_line (start 4 2.01) (end -1.46 2.01) (layer F.CrtYd) (width 0.05))
    (fp_line (start 4 2.01) (end 4 -3.05) (layer F.CrtYd) (width 0.05))
    (fp_line (start -1.45 -3.05) (end -1.46 2.01) (layer F.CrtYd) (width 0.05))
    (fp_line (start -1.46 -3.05) (end 4 -3.05) (layer F.CrtYd) (width 0.05))
    (fp_line (start -0.5 1.75) (end 3 1.75) (layer F.Fab) (width 0.1))
    (fp_line (start -0.53 1.85) (end 3.07 1.85) (layer F.SilkS) (width 0.12))
    (fp_text user %R (at 1.27 -4.4) (layer F.Fab)
      (effects (font (size 1 1) (thickness 0.15)))
    )
    (pad 1 thru_hole rect (at 0 0) (size 1.1 1.8) (drill 0.75 (offset 0 0.4)) (layers *.Cu *.Mask)
      (net 10 "Net-(Q5-Pad1)"))
    (pad 3 thru_hole roundrect (at 2.54 0) (size 1.1 1.8) (drill 0.75 (offset 0 0.4)) (layers *.Cu *.Mask) (roundrect_rratio 0.25)
      (net 2 +3V3))
    (pad 2 thru_hole roundrect (at 1.27 -1.27) (size 1.1 1.8) (drill 0.75 (offset 0 -0.4)) (layers *.Cu *.Mask) (roundrect_rratio 0.25)
      (net 11 "Net-(Q5-Pad2)"))
    (model ${KISYS3DMOD}/Package_TO_SOT_THT.3dshapes/TO-92.wrl
      (at (xyz 0 0 0))
      (scale (xyz 1 1 1))
      (rotate (xyz 0 0 0))
    )
  )

  (module Package_TO_SOT_THT:TO-92_HandSolder (layer F.Cu) (tedit 5A282C46) (tstamp 5C0DA27E)
    (at 163.83 73.66)
    (descr "TO-92 leads molded, narrow, drill 0.75mm, handsoldering variant with enlarged pads (see NXP sot054_po.pdf)")
    (tags "to-92 sc-43 sc-43a sot54 PA33 transistor")
    (path /5BF626F2)
    (fp_text reference Q6 (at 1.27 -4.4) (layer F.SilkS)
      (effects (font (size 1 1) (thickness 0.15)))
    )
    (fp_text value Q_PNP_BCE (at 1.27 2.79) (layer F.Fab)
      (effects (font (size 1 1) (thickness 0.15)))
    )
    (fp_text user %R (at 1.27 -4.4) (layer F.Fab)
      (effects (font (size 1 1) (thickness 0.15)))
    )
    (fp_line (start -0.53 1.85) (end 3.07 1.85) (layer F.SilkS) (width 0.12))
    (fp_line (start -0.5 1.75) (end 3 1.75) (layer F.Fab) (width 0.1))
    (fp_line (start -1.46 -3.05) (end 4 -3.05) (layer F.CrtYd) (width 0.05))
    (fp_line (start -1.45 -3.05) (end -1.46 2.01) (layer F.CrtYd) (width 0.05))
    (fp_line (start 4 2.01) (end 4 -3.05) (layer F.CrtYd) (width 0.05))
    (fp_line (start 4 2.01) (end -1.46 2.01) (layer F.CrtYd) (width 0.05))
    (fp_arc (start 1.27 0) (end 1.27 -2.48) (angle 135) (layer F.Fab) (width 0.1))
    (fp_arc (start 1.27 0) (end 0.45 -2.45) (angle -116.9632683) (layer F.SilkS) (width 0.12))
    (fp_arc (start 1.27 0) (end 1.27 -2.48) (angle -135) (layer F.Fab) (width 0.1))
    (fp_arc (start 1.27 0) (end 2.05 -2.45) (angle 117.6433766) (layer F.SilkS) (width 0.12))
    (pad 2 thru_hole roundrect (at 1.27 -1.27) (size 1.1 1.8) (drill 0.75 (offset 0 -0.4)) (layers *.Cu *.Mask) (roundrect_rratio 0.25)
      (net 12 "Net-(Q6-Pad2)"))
    (pad 3 thru_hole roundrect (at 2.54 0) (size 1.1 1.8) (drill 0.75 (offset 0 0.4)) (layers *.Cu *.Mask) (roundrect_rratio 0.25)
      (net 2 +3V3))
    (pad 1 thru_hole rect (at 0 0) (size 1.1 1.8) (drill 0.75 (offset 0 0.4)) (layers *.Cu *.Mask)
      (net 13 "Net-(Q6-Pad1)"))
    (model ${KISYS3DMOD}/Package_TO_SOT_THT.3dshapes/TO-92.wrl
      (at (xyz 0 0 0))
      (scale (xyz 1 1 1))
      (rotate (xyz 0 0 0))
    )
  )

  (module Package_TO_SOT_THT:TO-92_HandSolder (layer F.Cu) (tedit 5A282C46) (tstamp 5C0DA290)
    (at 163.83 90.17)
    (descr "TO-92 leads molded, narrow, drill 0.75mm, handsoldering variant with enlarged pads (see NXP sot054_po.pdf)")
    (tags "to-92 sc-43 sc-43a sot54 PA33 transistor")
    (path /5BF63367)
    (fp_text reference Q7 (at 1.27 -4.4) (layer F.SilkS)
      (effects (font (size 1 1) (thickness 0.15)))
    )
    (fp_text value Q_PNP_BCE (at 1.27 2.79) (layer F.Fab)
      (effects (font (size 1 1) (thickness 0.15)))
    )
    (fp_text user %R (at 1.27 -4.4) (layer F.Fab)
      (effects (font (size 1 1) (thickness 0.15)))
    )
    (fp_line (start -0.53 1.85) (end 3.07 1.85) (layer F.SilkS) (width 0.12))
    (fp_line (start -0.5 1.75) (end 3 1.75) (layer F.Fab) (width 0.1))
    (fp_line (start -1.46 -3.05) (end 4 -3.05) (layer F.CrtYd) (width 0.05))
    (fp_line (start -1.45 -3.05) (end -1.46 2.01) (layer F.CrtYd) (width 0.05))
    (fp_line (start 4 2.01) (end 4 -3.05) (layer F.CrtYd) (width 0.05))
    (fp_line (start 4 2.01) (end -1.46 2.01) (layer F.CrtYd) (width 0.05))
    (fp_arc (start 1.27 0) (end 1.27 -2.48) (angle 135) (layer F.Fab) (width 0.1))
    (fp_arc (start 1.27 0) (end 0.45 -2.45) (angle -116.9632683) (layer F.SilkS) (width 0.12))
    (fp_arc (start 1.27 0) (end 1.27 -2.48) (angle -135) (layer F.Fab) (width 0.1))
    (fp_arc (start 1.27 0) (end 2.05 -2.45) (angle 117.6433766) (layer F.SilkS) (width 0.12))
    (pad 2 thru_hole roundrect (at 1.27 -1.27) (size 1.1 1.8) (drill 0.75 (offset 0 -0.4)) (layers *.Cu *.Mask) (roundrect_rratio 0.25)
      (net 14 "Net-(Q7-Pad2)"))
    (pad 3 thru_hole roundrect (at 2.54 0) (size 1.1 1.8) (drill 0.75 (offset 0 0.4)) (layers *.Cu *.Mask) (roundrect_rratio 0.25)
      (net 2 +3V3))
    (pad 1 thru_hole rect (at 0 0) (size 1.1 1.8) (drill 0.75 (offset 0 0.4)) (layers *.Cu *.Mask)
      (net 15 "Net-(Q7-Pad1)"))
    (model ${KISYS3DMOD}/Package_TO_SOT_THT.3dshapes/TO-92.wrl
      (at (xyz 0 0 0))
      (scale (xyz 1 1 1))
      (rotate (xyz 0 0 0))
    )
  )

  (module Resistor_THT:R_Axial_DIN0204_L3.6mm_D1.6mm_P7.62mm_Horizontal (layer F.Cu) (tedit 5AE5139B) (tstamp 5C0DA2A7)
    (at 153.67 55.88)
